$ 1 0.000005 19.867427341514983 72 5 50
t 192 128 192 256 1 1 0.6330716050610273 0.6509993368928036 100
v 192 128 480 128 0 2 20 5 0 2.0943951023931953 0.5
w 208 256 480 256 0
w -64 256 176 256 0
d 480 256 480 320 2 default
r 480 256 480 128 0 1000
r 480 352 480 464 0 1000
v 480 352 192 352 0 2 20 5 0 3.141592653589793 0.5
w 192 352 192 432 0
t 192 432 192 464 1 1 -2.2043411373438295 -4.999999999891796 100
w 208 464 480 464 0
d 480 464 480 528 2 default
v 480 528 -64 528 0 4 60 10 0 0 0.5
w -64 464 176 464 0
v 480 320 -64 320 0 4 60 5 0 0 0.5
t 192 -32 192 16 1 1 0.3530934349185034 -5.000084864627444 100
w -64 16 176 16 0
w 192 -32 192 -96 0
v 480 -96 192 -96 0 2 20 5 0 2.0943951023931953 0.5
w 208 16 480 16 0
r 480 16 480 -96 0 1000
d 480 16 480 80 2 default
r -160 528 -160 16 0 1000
w -160 16 -64 16 0
w -64 80 -160 528 0
v 480 80 -64 80 0 4 60 20 0 0 0.5
w -160 16 -64 256 0
w -64 320 -160 528 0
w -160 528 -64 528 0
w -64 464 -160 16 0
o 22 64 0 4099 20 0.025 0 2 22 3
